N= 5
M= 26
A:
0.0 0.08333333333333333 0.9166666666666666 0.0 0.0
0.0 0.0 1.0 0.0 0.0
0.6666666666666666 0.0 0.0 0.3333333333333333 0.0
0.5714285714285714 0.0 0.0 0.14285714285714285 0.2857142857142857
0.0 0.0 0.0 1.0 0.0
B:
0.02631578947368421 0.02631578947368421 0.02631578947368421 0.05263157894736842 0.05263157894736842 0.02631578947368421 0.07894736842105263 0.02631578947368421 0.05263157894736842 0.02631578947368421 0.07894736842105263 0.02631578947368421 0.07894736842105263 0.02631578947368421 0.02631578947368421 0.02631578947368421 0.05263157894736842 0.02631578947368421 0.02631578947368421 0.02631578947368421 0.05263157894736842 0.02631578947368421 0.05263157894736842 0.02631578947368421 0.02631578947368421 0.02631578947368421
0.037037037037037035 0.037037037037037035 0.037037037037037035 0.037037037037037035 0.037037037037037035 0.037037037037037035 0.037037037037037035 0.037037037037037035 0.037037037037037035 0.037037037037037035 0.037037037037037035 0.037037037037037035 0.037037037037037035 0.037037037037037035 0.037037037037037035 0.037037037037037035 0.037037037037037035 0.07407407407407407 0.037037037037037035 0.037037037037037035 0.037037037037037035 0.037037037037037035 0.037037037037037035 0.037037037037037035 0.037037037037037035 0.037037037037037035
0.02631578947368421 0.02631578947368421 0.05263157894736842 0.02631578947368421 0.02631578947368421 0.05263157894736842 0.02631578947368421 0.07894736842105263 0.02631578947368421 0.05263157894736842 0.02631578947368421 0.07894736842105263 0.02631578947368421 0.07894736842105263 0.02631578947368421 0.02631578947368421 0.02631578947368421 0.02631578947368421 0.05263157894736842 0.02631578947368421 0.02631578947368421 0.05263157894736842 0.02631578947368421 0.05263157894736842 0.02631578947368421 0.02631578947368421
0.030303030303030304 0.06060606060606061 0.030303030303030304 0.030303030303030304 0.030303030303030304 0.030303030303030304 0.030303030303030304 0.030303030303030304 0.030303030303030304 0.030303030303030304 0.030303030303030304 0.030303030303030304 0.030303030303030304 0.030303030303030304 0.06060606060606061 0.06060606060606061 0.030303030303030304 0.030303030303030304 0.030303030303030304 0.09090909090909091 0.030303030303030304 0.030303030303030304 0.030303030303030304 0.030303030303030304 0.06060606060606061 0.06060606060606061
0.038461538461538464 0.038461538461538464 0.038461538461538464 0.038461538461538464 0.038461538461538464 0.038461538461538464 0.038461538461538464 0.038461538461538464 0.038461538461538464 0.038461538461538464 0.038461538461538464 0.038461538461538464 0.038461538461538464 0.038461538461538464 0.038461538461538464 0.038461538461538464 0.038461538461538464 0.038461538461538464 0.038461538461538464 0.038461538461538464 0.038461538461538464 0.038461538461538464 0.038461538461538464 0.038461538461538464 0.038461538461538464 0.038461538461538464
Pi:
0.5714285714285714 0.0 0.0 0.3333333333333333 0.09523809523809523
